sqL2=2.840305499121853e-01
diss=5.149116105041997e-02
lift=-6.960266287732376e-02
drag=2.359061751523554e+01
